Some((
    red: 0.000000000,
    green: 0.000000000,
    blue: 0.000000000,
))
