Some((
    red: 0.82911396,
    green: 0.026869416,
    blue: 0.026869416,
))