Some((
    red: 0.012658238,
    green: 0.012658238,
    blue: 0.012658238,
    alpha: 1.0,
))