Some((
    red: 0.6772152,
    green: 0.6772152,
    blue: 0.6772152,
))