Some((
    red: 0.2721519,
    green: 0.017639458,
    blue: 0.017639458,
))